501547116 20 2
2138485346 10 9
3633467043 27 8
774556512 3 5
3281693559 4 3
1047076822 20 2
3355834800 8 2
3918400011 8 2
48390669 22 8
3879673015 19 9
1392720771 23 7
3371708970 3 4
2921996804 10 3
3986650844 4 4
1425681191 9 2
2092469994 32 7
3897185524 19 4
1013782789 20 2
2408883171 4 3
3867286773 12 0
2207710997 14 1
3964004196 12 0
2451981694 20 0
3330661056 12 2
1038167254 9 3
3086711638 26 0
3253852295 7 4
3795788989 24 2
1743176810 7 0
3422152796 30 4
496594006 7 1
3742450551 0 5
1510265749 13 0
3437967648 13 10
1754262102 6 10
1807915927 18 7
3527609461 26 3
910965794 31 2
1229202254 14 2
1078966881 26 3
1611924217 16 1
3458736121 29 7
3145497020 4 7
3679774373 15 4
1993448007 22 6
3137904934 11 10
1949861995 11 0
3828089451 12 2
3997977914 23 3
4074504055 31 2
3919743063 28 3
2274768038 7 1
1143421732 1 9
4108888515 17 5
1668652260 9 4
2597567767 14 4
3535029421 27 4
2958804737 4 2
3251151240 28 6
738912960 13 0
262304027 1 7
4217909842 4 5
2326357288 16 4
3308461432 22 7
1719407767 10 8
3483663709 9 2
1902296008 18 2
3120609768 13 3
3625510519 28 6
3328852519 21 2
3495775463 17 4
1212466401 24 6
1483123064 15 10
2498383407 22 3
2679638998 27 2
34050014 14 8
4155319338 2 0
1982896559 16 10
1143399271 32 6
194912745 5 10
745554740 28 1
1274743718 26 8
4075720342 21 9
4206512170 1 10
1020205008 32 4
2360427440 4 8
764504827 24 0
2184595304 16 1
4097215293 18 7
2264010147 0 2
3978769593 29 10
605159821 25 0
1851743144 29 9
1078068605 24 10
248690576 20 10
1271470597 1 8
378565394 8 8
4026446332 32 8
3749387184 4 0
